[21,0,0,28]
[2,4,0,4]
[6,4,0,8]
[6,4,0,12]
[15,4,0,16]
[3,4,0,20]
[14,4,0,28]
[2,4,0,40]
[3,4,0,44]
[11,8,0,4]
[5,8,0,8]
[14,8,0,12]
[1,8,0,20]
[15,8,0,24]
[13,8,0,28]
[10,8,0,32]
[6,8,0,36]
[13,8,0,40]
[13,8,0,44]
[6,8,0,48]
[15,8,0,52]
[23,8,0,56]
[7,12,0,4]
[4,12,0,8]
[14,12,0,12]
[2,12,0,16]
[15,12,0,20]
[6,12,0,24]
[13,12,0,28]
[9,12,0,32]
[11,12,0,36]
[12,12,0,40]
[8,12,0,44]
[13,12,0,48]
[3,12,0,52]
[11,16,0,4]
[15,16,0,8]
[4,16,0,12]
[1,16,0,16]
[6,16,0,20]
[9,16,0,24]
[7,16,0,28]
[13,16,0,32]
[13,16,0,36]
[6,16,0,40]
[3,16,0,44]
[7,16,0,48]
[4,16,0,52]
[14,20,0,4]
[2,20,0,8]
[6,20,0,12]
[10,20,0,16]
[13,20,0,20]
[9,20,0,24]
[7,20,0,28]
[13,20,0,32]
[12,20,0,36]
[9,20,0,40]
[11,20,0,44]
[4,20,0,48]
[1,24,0,4]
[12,24,0,8]
[8,24,0,12]
[13,24,0,16]
[13,24,0,20]
[12,24,0,24]
[13,24,0,28]
[12,24,0,32]
[15,24,0,36]
[8,24,0,40]
[12,24,0,44]
[15,24,0,48]
[15,24,0,52]
[23,24,0,56]
[2,28,0,12]
[4,28,0,16]
[1,28,0,20]
[15,28,0,24]
[4,28,0,28]
[20,32,0,12]
