[21,0,0,28]
[2,4,0,4]
[10,4,0,8]
[6,4,0,12]
[3,4,0,16]
[2,4,0,20]
[10,4,0,24]
[4,4,0,28]
[2,4,0,40]
[3,4,0,44]
[7,8,0,4]
[13,8,0,8]
[4,8,0,12]
[14,8,0,16]
[11,8,0,20]
[8,8,0,24]
[6,8,0,28]
[15,8,0,32]
[10,8,0,36]
[13,8,0,40]
[12,8,0,44]
[3,8,0,48]
[14,12,0,4]
[7,12,0,8]
[10,12,0,12]
[9,12,0,16]
[7,12,0,20]
[15,12,0,24]
[13,12,0,28]
[15,12,0,32]
[4,12,0,36]
[7,12,0,40]
[3,12,0,44]
[11,12,0,48]
[3,12,0,52]
[22,16,0,0]
[12,16,0,4]
[5,16,0,8]
[11,16,0,12]
[12,16,0,16]
[5,16,0,20]
[14,16,0,28]
[1,16,0,40]
[13,16,0,44]
[4,16,0,48]
[7,16,0,52]
[22,16,0,56]
[2,20,0,4]
[13,20,0,8]
[13,20,0,12]
[3,20,0,16]
[7,20,0,20]
[6,20,0,24]
[4,20,0,28]
[2,20,0,32]
[3,20,0,36]
[14,20,0,44]
[2,20,0,48]
[5,20,0,52]
[23,24,0,0]
[8,24,0,4]
[8,24,0,8]
[9,24,0,12]
[7,24,0,16]
[5,24,0,20]
[11,24,0,24]
[3,24,0,28]
[14,24,0,32]
[11,24,0,36]
[3,24,0,40]
[11,24,0,44]
[8,24,0,48]
[5,24,0,52]
[1,28,0,12]
[12,28,0,16]
[12,28,0,20]
[8,28,0,24]
[12,28,0,28]
[4,28,0,32]
[1,28,0,36]
[4,28,0,40]
[1,28,0,44]
[15,28,0,48]
[4,28,0,52]
